[white-bg-cover.jpg]
filters=Orton=1,25.000000,100.000000,28.070175;bw=1;
moddate=280ebe48ae6ecf01
width=3611
height=2718
textactive=0
